-3.5709047
-4.8535196
-1.7834665
-1.5651993
4.6932315
2.5707031
-9.9520615
0.46816058
-0.1466415
-15.469715
-2.574816
1.7746925
2.1981321
2.9226795
3.6360964
2.0605931
-3.1958362
-8.7969237
0.17642356
-2.8920454
3.6588285
0.91117775
2.5605615
0.9426681
-4.0861744
1.3274732
0.30755392
2.5914962
2.6766924
2.5436344
5.1772522
3.7412139
2.2829605
-2.7278931
1.9004603
2.1288255
1.5284632
-4.1575744
-2.5051243
-3.6285305
1.6303266
-3.4781351
1.1376318
2.6442884
1.4760102
1.9931161
-0.69789112
-0.97856041
1.2053868
1.8759702
-1.0370896
7.5602922
